v2.0 raw
00 08 01 37
FF C1 01 13
00 C0 00 EF
00 40 00 6F
00 00 00 6F
FE 01 01 13
00 11 2E 23
00 81 2C 23
02 01 04 13
00 10 05 13
16 00 00 EF
39 00 00 EF
80 00 07 B7
00 47 C7 83
FE F4 07 A3
FE F4 47 83
00 37 97 13
00 00 07 93
00 F7 07 B3
00 07 86 13
00 00 05 93
00 00 05 13
2C 80 00 EF
08 C0 00 EF
FD 1F F0 6F
FD 01 01 13
02 81 26 23
03 01 04 13
FC A4 2E 23
00 05 87 93
FC F4 0D A3
FD C4 27 03
40 00 07 B7
00 F7 07 B3
FE F4 26 23
FE C4 27 83
FD B4 47 03
00 E7 80 23
00 00 00 13
02 C1 24 03
03 01 01 13
00 00 80 67
FD 01 01 13
02 81 26 23
03 01 04 13
FC A4 2E 23
FC B4 2C 23
FD C4 27 03
40 00 07 B7
00 F7 07 B3
FE F4 26 23
FE C4 27 83
FD 84 27 03
00 E7 A0 23
00 00 00 13
02 C1 24 03
03 01 01 13
00 00 80 67
FE 01 01 13
00 81 2E 23
02 01 04 13
FE 04 26 23
01 00 00 6F
FE C4 27 83
00 17 87 93
FE F4 26 23
FE C4 27 03
00 00 27 B7
70 F7 87 93
FE E7 D4 E3
00 00 00 13
00 00 00 13
01 C1 24 03
02 01 01 13
00 00 80 67
FE 01 01 13
00 11 2E 23
00 81 2C 23
02 01 04 13
FE 04 26 23
02 00 00 6F
FE C4 27 83
00 00 05 93
00 07 85 13
F5 9F F0 EF
FE C4 27 83
00 47 87 93
FE F4 26 23
FE C4 27 03
00 00 17 B7
35 57 87 93
FC E7 DC E3
00 00 00 13
00 00 00 13
01 C1 20 83
01 81 24 03
02 01 01 13
00 00 80 67
FE 01 01 13
00 81 2E 23
02 01 04 13
00 05 07 93
FE F4 07 A3
FE F4 47 83
00 07 88 63
FE F4 47 03
00 10 07 93
00 F7 18 63
80 00 07 B7
FE F4 47 03
00 E7 80 A3
00 00 00 13
01 C1 24 03
02 01 01 13
00 00 80 67
FD 01 01 13
02 81 26 23
03 01 04 13
FC A4 2E 23
FC B4 2C 23
FD C4 27 83
41 F7 D7 13
01 F7 77 13
00 F7 07 B3
40 57 D7 93
FE F4 26 23
FE C4 27 83
00 27 97 13
40 00 07 B7
00 F7 07 33
FD 84 27 83
00 37 97 93
00 27 97 93
00 F7 07 B3
FE F4 24 23
FE 84 27 83
00 07 A7 83
FE F4 22 23
FD C4 27 03
41 F7 57 93
01 B7 D7 93
00 F7 07 33
01 F7 77 13
40 F7 07 B3
00 07 87 13
00 10 07 93
00 E7 97 B3
FE 44 27 03
00 F7 67 B3
FE F4 22 23
FE 84 27 83
FE 44 27 03
00 E7 A0 23
00 00 00 13
02 C1 24 03
03 01 01 13
00 00 80 67
FD 01 01 13
02 81 26 23
03 01 04 13
FC A4 2E 23
FC B4 2C 23
FD C4 27 83
41 F7 D7 13
01 F7 77 13
00 F7 07 B3
40 57 D7 93
FE F4 26 23
FE C4 27 83
00 27 97 13
40 00 07 B7
00 F7 07 33
FD 84 27 83
00 37 97 93
00 27 97 93
00 F7 07 B3
FE F4 24 23
FE 84 27 83
00 07 A7 83
FE F4 22 23
FD C4 27 03
41 F7 57 93
01 B7 D7 93
00 F7 07 33
01 F7 77 13
40 F7 07 B3
00 07 87 13
00 10 07 93
00 E7 97 B3
FF F7 C7 93
FE 44 27 03
00 F7 77 B3
FE F4 22 23
FE 84 27 83
FE 44 27 03
00 E7 A0 23
00 00 00 13
02 C1 24 03
03 01 01 13
00 00 80 67
FD 01 01 13
02 81 26 23
03 01 04 13
FC A4 2E 23
FC B4 2C 23
FC C4 2A 23
FD C4 27 83
FE F4 24 23
FE 84 27 03
40 00 07 B7
00 F7 07 33
FD 84 27 83
00 87 97 93
00 F7 07 B3
FE F4 22 23
FE 04 26 23
03 C0 00 6F
FE C4 27 83
00 57 97 13
FE 44 27 83
00 F7 07 B3
FE F4 20 23
FE C4 27 83
FD 44 27 03
00 F7 07 B3
00 07 C7 03
FE 04 27 83
00 E7 80 23
FE C4 27 83
00 17 87 93
FE F4 26 23
FE C4 27 03
00 70 07 93
FC E7 D0 E3
00 00 00 13
00 00 00 13
02 C1 24 03
03 01 01 13
00 00 80 67
FF 01 01 13
00 81 26 23
01 01 04 13
00 00 07 93
10 07 80 23
00 00 07 93
10 07 80 A3
00 00 07 93
10 07 81 23
00 00 07 93
10 07 81 A3
00 00 07 93
10 07 82 23
00 00 07 93
10 07 82 A3
00 00 07 93
10 07 83 23
00 00 07 93
10 07 83 A3
00 00 07 93
1E 07 88 23
00 00 07 93
1E 07 88 A3
00 00 07 93
1E 07 89 23
00 00 07 93
00 20 07 13
1E E7 89 A3
00 00 07 93
00 40 07 13
1E E7 8A 23
00 00 07 93
00 80 07 13
1E E7 8A A3
00 00 07 93
00 40 07 13
1E E7 8B 23
00 00 07 93
00 20 07 13
1E E7 8B A3
00 00 07 93
16 07 88 23
00 00 07 93
16 07 88 A3
00 00 07 93
16 07 89 23
00 00 07 93
16 07 89 A3
00 00 07 93
16 07 8A 23
00 00 07 93
16 07 8A A3
00 00 07 93
16 07 8B 23
00 00 07 93
00 20 07 13
16 E7 8B A3
00 00 07 93
16 07 80 23
00 00 07 93
16 07 80 A3
00 00 07 93
16 07 81 23
00 00 07 93
16 07 81 A3
00 00 07 93
16 07 82 23
00 00 07 93
16 07 82 A3
00 00 07 93
16 07 83 23
00 00 07 93
00 20 07 13
16 E7 83 A3
00 00 07 93
1E 07 8C 23
00 00 07 93
1E 07 8C A3
00 00 07 93
1E 07 8D 23
00 00 07 93
00 E0 07 13
1E E7 8D A3
00 00 07 93
01 00 07 13
1E E7 8E 23
00 00 07 93
00 C0 07 13
1E E7 8E A3
00 00 07 93
1E 07 8F 23
00 00 07 93
00 40 07 13
1E E7 8F A3
00 00 07 93
2E 07 8C 23
00 00 07 93
2E 07 8C A3
00 00 07 93
2E 07 8D 23
00 00 07 93
2E 07 8D A3
00 00 07 93
2E 07 8E 23
00 00 07 93
2E 07 8E A3
00 00 07 93
2E 07 8F 23
00 00 07 93
03 E0 07 13
2E E7 8F A3
00 00 07 93
1C 07 88 23
00 00 07 93
1C 07 88 A3
00 00 07 93
1C 07 89 23
00 00 07 93
1C 07 89 A3
00 00 07 93
1C 07 8A 23
00 00 07 93
00 20 07 13
1C E7 8A A3
00 00 07 93
1C 07 8B 23
00 00 07 93
00 20 07 13
1C E7 8B A3
00 00 07 93
16 07 84 23
00 00 07 93
16 07 84 A3
00 00 07 93
16 07 85 23
00 00 07 93
16 07 85 A3
00 00 07 93
16 07 86 23
00 00 07 93
03 E0 07 13
16 E7 86 A3
00 00 07 93
16 07 87 23
00 00 07 93
16 07 87 A3
00 00 07 93
18 07 80 23
00 00 07 93
18 07 80 A3
00 00 07 93
18 07 81 23
00 00 07 93
01 C0 07 13
18 E7 81 A3
00 00 07 93
02 20 07 13
18 E7 82 23
00 00 07 93
02 20 07 13
18 E7 82 A3
00 00 07 93
02 20 07 13
18 E7 83 23
00 00 07 93
01 C0 07 13
18 E7 83 A3
00 00 07 93
18 07 84 23
00 00 07 93
18 07 84 A3
00 00 07 93
18 07 85 23
00 00 07 93
00 80 07 13
18 E7 85 A3
00 00 07 93
00 C0 07 13
18 E7 86 23
00 00 07 93
00 80 07 13
18 E7 86 A3
00 00 07 93
00 80 07 13
18 E7 87 23
00 00 07 93
00 80 07 13
18 E7 87 A3
00 00 07 93
18 07 88 23
00 00 07 93
18 07 88 A3
00 00 07 93
18 07 89 23
00 00 07 93
01 E0 07 13
18 E7 89 A3
00 00 07 93
02 00 07 13
18 E7 8A 23
00 00 07 93
01 C0 07 13
18 E7 8A A3
00 00 07 93
00 20 07 13
18 E7 8B 23
00 00 07 93
03 E0 07 13
18 E7 8B A3
00 00 07 93
18 07 8C 23
00 00 07 93
18 07 8C A3
00 00 07 93
18 07 8D 23
00 00 07 93
01 E0 07 13
18 E7 8D A3
00 00 07 93
02 00 07 13
18 E7 8E 23
00 00 07 93
01 C0 07 13
18 E7 8E A3
00 00 07 93
02 00 07 13
18 E7 8F 23
00 00 07 93
01 E0 07 13
18 E7 8F A3
00 00 07 93
1A 07 80 23
00 00 07 93
1A 07 80 A3
00 00 07 93
1A 07 81 23
00 00 07 93
01 80 07 13
1A E7 81 A3
00 00 07 93
01 40 07 13
1A E7 82 23
00 00 07 93
01 20 07 13
1A E7 82 A3
00 00 07 93
03 E0 07 13
1A E7 83 23
00 00 07 93
01 00 07 13
1A E7 83 A3
00 00 07 93
1A 07 84 23
00 00 07 93
1A 07 84 A3
00 00 07 93
1A 07 85 23
00 00 07 93
03 E0 07 13
1A E7 85 A3
00 00 07 93
00 20 07 13
1A E7 86 23
00 00 07 93
01 E0 07 13
1A E7 86 A3
00 00 07 93
02 00 07 13
1A E7 87 23
00 00 07 93
01 E0 07 13
1A E7 87 A3
00 00 07 93
1A 07 88 23
00 00 07 93
1A 07 88 A3
00 00 07 93
1A 07 89 23
00 00 07 93
01 C0 07 13
1A E7 89 A3
00 00 07 93
00 20 07 13
1A E7 8A 23
00 00 07 93
01 E0 07 13
1A E7 8A A3
00 00 07 93
02 20 07 13
1A E7 8B 23
00 00 07 93
01 C0 07 13
1A E7 8B A3
00 00 07 93
1A 07 8C 23
00 00 07 93
1A 07 8C A3
00 00 07 93
1A 07 8D 23
00 00 07 93
03 E0 07 13
1A E7 8D A3
00 00 07 93
02 00 07 13
1A E7 8E 23
00 00 07 93
01 00 07 13
1A E7 8E A3
00 00 07 93
00 80 07 13
1A E7 8F 23
00 00 07 93
00 40 07 13
1A E7 8F A3
00 00 07 93
1C 07 80 23
00 00 07 93
1C 07 80 A3
00 00 07 93
1C 07 81 23
00 00 07 93
01 C0 07 13
1C E7 81 A3
00 00 07 93
02 20 07 13
1C E7 82 23
00 00 07 93
01 C0 07 13
1C E7 82 A3
00 00 07 93
02 20 07 13
1C E7 83 23
00 00 07 93
01 C0 07 13
1C E7 83 A3
00 00 07 93
1C 07 84 23
00 00 07 93
1C 07 84 A3
00 00 07 93
1C 07 85 23
00 00 07 93
01 C0 07 13
1C E7 85 A3
00 00 07 93
02 20 07 13
1C E7 86 23
00 00 07 93
03 C0 07 13
1C E7 86 A3
00 00 07 93
02 00 07 13
1C E7 87 23
00 00 07 93
01 C0 07 13
1C E7 87 A3
00 00 07 93
20 07 84 23
00 00 07 93
20 07 84 A3
00 00 07 93
20 07 85 23
00 00 07 93
01 C0 07 13
20 E7 85 A3
00 00 07 93
02 20 07 13
20 E7 86 23
00 00 07 93
03 E0 07 13
20 E7 86 A3
00 00 07 93
02 20 07 13
20 E7 87 23
00 00 07 93
02 20 07 13
20 E7 87 A3
00 00 07 93
20 07 88 23
00 00 07 93
20 07 88 A3
00 00 07 93
20 07 89 23
00 00 07 93
01 E0 07 13
20 E7 89 A3
00 00 07 93
02 20 07 13
20 E7 8A 23
00 00 07 93
01 E0 07 13
20 E7 8A A3
00 00 07 93
02 20 07 13
20 E7 8B 23
00 00 07 93
01 E0 07 13
20 E7 8B A3
00 00 07 93
20 07 8C 23
00 00 07 93
20 07 8C A3
00 00 07 93
20 07 8D 23
00 00 07 93
01 C0 07 13
20 E7 8D A3
00 00 07 93
02 20 07 13
20 E7 8E 23
00 00 07 93
00 20 07 13
20 E7 8E A3
00 00 07 93
02 20 07 13
20 E7 8F 23
00 00 07 93
01 C0 07 13
20 E7 8F A3
00 00 07 93
22 07 80 23
00 00 07 93
22 07 80 A3
00 00 07 93
22 07 81 23
00 00 07 93
01 E0 07 13
22 E7 81 A3
00 00 07 93
02 20 07 13
22 E7 82 23
00 00 07 93
02 20 07 13
22 E7 82 A3
00 00 07 93
02 20 07 13
22 E7 83 23
00 00 07 93
01 E0 07 13
22 E7 83 A3
00 00 07 93
22 07 84 23
00 00 07 93
22 07 84 A3
00 00 07 93
22 07 85 23
00 00 07 93
01 C0 07 13
22 E7 85 A3
00 00 07 93
00 20 07 13
22 E7 86 23
00 00 07 93
00 E0 07 13
22 E7 86 A3
00 00 07 93
00 20 07 13
22 E7 87 23
00 00 07 93
01 C0 07 13
22 E7 87 A3
00 00 07 93
22 07 88 23
00 00 07 93
22 07 88 A3
00 00 07 93
22 07 89 23
00 00 07 93
03 C0 07 13
22 E7 89 A3
00 00 07 93
00 20 07 13
22 E7 8A 23
00 00 07 93
03 E0 07 13
22 E7 8A A3
00 00 07 93
00 20 07 13
22 E7 8B 23
00 00 07 93
00 20 07 13
22 E7 8B A3
00 00 07 93
22 07 8C 23
00 00 07 93
22 07 8C A3
00 00 07 93
22 07 8D 23
00 00 07 93
03 C0 07 13
22 E7 8D A3
00 00 07 93
00 20 07 13
22 E7 8E 23
00 00 07 93
03 A0 07 13
22 E7 8E A3
00 00 07 93
02 20 07 13
22 E7 8F 23
00 00 07 93
03 C0 07 13
22 E7 8F A3
00 00 07 93
24 07 80 23
00 00 07 93
24 07 80 A3
00 00 07 93
24 07 81 23
00 00 07 93
02 20 07 13
24 E7 81 A3
00 00 07 93
02 20 07 13
24 E7 82 23
00 00 07 93
03 E0 07 13
24 E7 82 A3
00 00 07 93
02 20 07 13
24 E7 83 23
00 00 07 93
02 20 07 13
24 E7 83 A3
00 00 07 93
24 07 84 23
00 00 07 93
24 07 84 A3
00 00 07 93
24 07 85 23
00 00 07 93
00 80 07 13
24 E7 85 A3
00 00 07 93
00 80 07 13
24 E7 86 23
00 00 07 93
00 80 07 13
24 E7 86 A3
00 00 07 93
00 80 07 13
24 E7 87 23
00 00 07 93
00 80 07 13
24 E7 87 A3
00 00 07 93
24 07 88 23
00 00 07 93
24 07 88 A3
00 00 07 93
24 07 89 23
00 00 07 93
03 80 07 13
24 E7 89 A3
00 00 07 93
02 00 07 13
24 E7 8A 23
00 00 07 93
02 00 07 13
24 E7 8A A3
00 00 07 93
02 20 07 13
24 E7 8B 23
00 00 07 93
01 C0 07 13
24 E7 8B A3
00 00 07 93
24 07 8C 23
00 00 07 93
24 07 8C A3
00 00 07 93
24 07 8D 23
00 00 07 93
02 20 07 13
24 E7 8D A3
00 00 07 93
01 20 07 13
24 E7 8E 23
00 00 07 93
00 E0 07 13
24 E7 8E A3
00 00 07 93
01 20 07 13
24 E7 8F 23
00 00 07 93
02 20 07 13
24 E7 8F A3
00 00 07 93
26 07 80 23
00 00 07 93
26 07 80 A3
00 00 07 93
26 07 81 23
00 00 07 93
00 20 07 13
26 E7 81 A3
00 00 07 93
00 20 07 13
26 E7 82 23
00 00 07 93
00 20 07 13
26 E7 82 A3
00 00 07 93
00 20 07 13
26 E7 83 23
00 00 07 93
01 E0 07 13
26 E7 83 A3
00 00 07 93
26 07 84 23
00 00 07 93
26 07 84 A3
00 00 07 93
26 07 85 23
00 00 07 93
02 20 07 13
26 E7 85 A3
00 00 07 93
03 60 07 13
26 E7 86 23
00 00 07 93
02 A0 07 13
26 E7 86 A3
00 00 07 93
02 20 07 13
26 E7 87 23
00 00 07 93
02 20 07 13
26 E7 87 A3
00 00 07 93
26 07 88 23
00 00 07 93
26 07 88 A3
00 00 07 93
26 07 89 23
00 00 07 93
02 20 07 13
26 E7 89 A3
00 00 07 93
02 60 07 13
26 E7 8A 23
00 00 07 93
02 A0 07 13
26 E7 8A A3
00 00 07 93
03 20 07 13
26 E7 8B 23
00 00 07 93
02 20 07 13
26 E7 8B A3
00 00 07 93
26 07 8C 23
00 00 07 93
26 07 8C A3
00 00 07 93
26 07 8D 23
00 00 07 93
01 C0 07 13
26 E7 8D A3
00 00 07 93
02 20 07 13
26 E7 8E 23
00 00 07 93
02 20 07 13
26 E7 8E A3
00 00 07 93
02 20 07 13
26 E7 8F 23
00 00 07 93
01 C0 07 13
26 E7 8F A3
00 00 07 93
28 07 80 23
00 00 07 93
28 07 80 A3
00 00 07 93
28 07 81 23
00 00 07 93
01 E0 07 13
28 E7 81 A3
00 00 07 93
02 20 07 13
28 E7 82 23
00 00 07 93
01 E0 07 13
28 E7 82 A3
00 00 07 93
00 20 07 13
28 E7 83 23
00 00 07 93
00 20 07 13
28 E7 83 A3
00 00 07 93
28 07 84 23
00 00 07 93
28 07 84 A3
00 00 07 93
28 07 85 23
00 00 07 93
01 C0 07 13
28 E7 85 A3
00 00 07 93
02 20 07 13
28 E7 86 23
00 00 07 93
02 20 07 13
28 E7 86 A3
00 00 07 93
02 A0 07 13
28 E7 87 23
00 00 07 93
01 C0 07 13
28 E7 87 A3
00 00 07 93
28 07 88 23
00 00 07 93
28 07 88 A3
00 00 07 93
28 07 89 23
00 00 07 93
01 E0 07 13
28 E7 89 A3
00 00 07 93
02 20 07 13
28 E7 8A 23
00 00 07 93
01 E0 07 13
28 E7 8A A3
00 00 07 93
01 20 07 13
28 E7 8B 23
00 00 07 93
02 20 07 13
28 E7 8B A3
00 00 07 93
28 07 8C 23
00 00 07 93
28 07 8C A3
00 00 07 93
28 07 8D 23
00 00 07 93
03 C0 07 13
28 E7 8D A3
00 00 07 93
00 20 07 13
28 E7 8E 23
00 00 07 93
01 C0 07 13
28 E7 8E A3
00 00 07 93
02 00 07 13
28 E7 8F 23
00 00 07 93
01 E0 07 13
28 E7 8F A3
00 00 07 93
2A 07 80 23
00 00 07 93
2A 07 80 A3
00 00 07 93
2A 07 81 23
00 00 07 93
03 E0 07 13
2A E7 81 A3
00 00 07 93
00 80 07 13
2A E7 82 23
00 00 07 93
00 80 07 13
2A E7 82 A3
00 00 07 93
00 80 07 13
2A E7 83 23
00 00 07 93
00 80 07 13
2A E7 83 A3
00 00 07 93
2A 07 84 23
00 00 07 93
2A 07 84 A3
00 00 07 93
2A 07 85 23
00 00 07 93
02 20 07 13
2A E7 85 A3
00 00 07 93
02 20 07 13
2A E7 86 23
00 00 07 93
02 20 07 13
2A E7 86 A3
00 00 07 93
02 20 07 13
2A E7 87 23
00 00 07 93
01 C0 07 13
2A E7 87 A3
00 00 07 93
2A 07 88 23
00 00 07 93
2A 07 88 A3
00 00 07 93
2A 07 89 23
00 00 07 93
02 20 07 13
2A E7 89 A3
00 00 07 93
02 20 07 13
2A E7 8A 23
00 00 07 93
02 20 07 13
2A E7 8A A3
00 00 07 93
01 40 07 13
2A E7 8B 23
00 00 07 93
00 80 07 13
2A E7 8B A3
00 00 07 93
2A 07 8C 23
00 00 07 93
2A 07 8C A3
00 00 07 93
2A 07 8D 23
00 00 07 93
02 A0 07 13
2A E7 8D A3
00 00 07 93
02 A0 07 13
2A E7 8E 23
00 00 07 93
02 A0 07 13
2A E7 8E A3
00 00 07 93
02 A0 07 13
2A E7 8F 23
00 00 07 93
01 40 07 13
2A E7 8F A3
00 00 07 93
2C 07 80 23
00 00 07 93
2C 07 80 A3
00 00 07 93
2C 07 81 23
00 00 07 93
02 20 07 13
2C E7 81 A3
00 00 07 93
01 40 07 13
2C E7 82 23
00 00 07 93
00 80 07 13
2C E7 82 A3
00 00 07 93
01 40 07 13
2C E7 83 23
00 00 07 93
02 20 07 13
2C E7 83 A3
00 00 07 93
2C 07 84 23
00 00 07 93
2C 07 84 A3
00 00 07 93
2C 07 85 23
00 00 07 93
03 E0 07 13
2C E7 85 A3
00 00 07 93
01 00 07 13
2C E7 86 23
00 00 07 93
00 80 07 13
2C E7 86 A3
00 00 07 93
00 40 07 13
2C E7 87 23
00 00 07 93
03 E0 07 13
2C E7 87 A3
00 00 07 93
2C 07 88 23
00 00 07 93
2C 07 88 A3
00 00 07 93
2C 07 89 23
00 00 07 93
02 20 07 13
2C E7 89 A3
00 00 07 93
01 E0 07 13
2C E7 8A 23
00 00 07 93
01 80 07 13
2C E7 8A A3
00 00 07 93
00 80 07 13
2C E7 8B 23
00 00 07 93
00 80 07 13
2C E7 8B A3
00 00 00 13
00 C1 24 03
01 01 01 13
00 00 80 67
FF 01 01 13
00 11 26 23
00 81 24 23
01 01 04 13
28 00 06 13
00 00 05 93
00 00 05 13
92 0F F0 EF
24 80 06 13
00 00 05 93
00 10 05 13
91 0F F0 EF
27 00 06 13
00 00 05 93
00 20 05 13
90 0F F0 EF
22 80 06 13
00 00 05 93
00 30 05 13
8F 0F F0 EF
29 80 06 13
00 00 05 93
00 40 05 13
8E 0F F0 EF
24 00 06 13
00 00 05 93
00 50 05 13
8D 0F F0 EF
22 80 06 13
00 00 05 93
00 60 05 13
8C 0F F0 EF
26 00 06 13
00 00 05 93
00 70 05 13
8B 0F F0 EF
26 00 06 13
00 00 05 93
00 80 05 13
8A 0F F0 EF
2B 00 06 13
00 00 05 93
00 A0 05 13
89 0F F0 EF
1B 00 06 13
00 00 05 93
00 B0 05 13
88 0F F0 EF
1F 00 06 13
00 10 05 93
00 00 05 13
87 0F F0 EF
00 00 17 37
38 87 07 13
40 E0 2C 23
40 00 28 23
00 10 07 13
40 E0 2A 23
00 00 00 13
00 C1 20 83
00 81 24 03
01 01 01 13
00 00 80 67